.i 10
.o 4
.p 49
1010101100 0100
0101101010 0100
0001000000 0100
1111101010 0100
0000000100 0100
1110101110 0100
1010000100 0100
0101000010 0100
1011101110 0100
0111101110 0100
1011100100 0100
1111101100 0100
0101001110 0100
1101101110 0100
1001000100 0100
0101000100 0100
1111100110 0100
1111001110 0100
1101000110 0100
-000000100 1000
000-000100 1000
1111000100 1100
1-11100100 1000
-101001110 1000
0-01000000 1001
11-1000110 1000
101-1011-0 1000
01-1101-10 1000
--1-0--0-0 0010
---0-0-010 0001
---0--0-10 0010
----00-010 0001
0----00-10 0001
---0-001-0 0001
-0--00-1-0 0001
--1--0-000 0011
--0--0-100 0001
-1-0-0--00 0011
----1000-0 0011
1-0--0-0-0 0011
--0--01-00 0011
--00-0--10 0011
----001-00 0011
---000--10 0011
--0-100--0 0011
0-1--0-1-0 0011
-0-1-0--10 0011
---0---0-0 0010
-----1---0 0010
.e
